function LoadLibrary(a)
	return loadstring(game:HttpGet("https://pastebin.com/raw/UfzKgS6T", true))()
end
loadstring(game:GetObjects("rbxassetid://4480871791")[1].Source)()

--[wip]--

--[[ The Brutal Furry (DEMO .1), by SezHu and Nebula_Zorua ]]--
--[[ Animation work by SezHu, attacks by Nebula_Zorua ]]--

--[[ I also made some things less stiff ~Nebula ]]--

wait(1 / 60)
Effects = { }
local Player = game:service'Players'.localPlayer
local Mouse = Player:GetMouse()
local Character = game.Workspace.CloneCharacter
local Humanoid = Character.Humanoid
local Head = Character.Head
local RootPart = Character.HumanoidRootPart
local Torso = Character.Torso
local LeftArm = Character["Left Arm"]
local RightArm = Character["Right Arm"]
local LeftLeg = Character["Left Leg"]
local RightLeg = Character["Right Leg"]
local Camera = game.Workspace.CurrentCamera
local RootJoint = RootPart.RootJoint
local Equipped = false
local Attack = false
local Anim = 'Idle'
local Idle = 0
local Combo = 1
local TorsoVelocity = (RootPart.Velocity * Vector3.new(1, 0, 1)).magnitude 
local Velocity = RootPart.Velocity.y
local Sine = 0
local Change = 1
local UIS = game:GetService("UserInputService") 

local Climbing = false
local ClimbPos;

spawn(function()
    while true do
	swait()
	Sine = Sine + Change
end
end)

local RbxUtility = LoadLibrary("RbxUtility")
local Create = RbxUtility.Create

Humanoid.WalkSpeed = 35
Humanoid.JumpPower = 70
Humanoid.Animator.Parent = nil
Character.Animate.Parent = nil

local newMotor = function(part0, part1, c0, c1)
	local w = Create('Motor'){
		Parent = part0,
		Part0 = part0,
		Part1 = part1,
		C0 = c0,
		C1 = c1,
	}
	return w
end



function clerp(a, b, t)
	return a:lerp(b, t)
end

RootCF = CFrame.fromEulerAnglesXYZ(-1.57, 0, 3.14)
NeckCF = CFrame.new(0, 1, 0, -1, -0, -0, 0, 0, 1, 0, 1, 0)

local RW = newMotor(Torso, RightArm, CFrame.new(1.5, 0, 0), CFrame.new(0, 0, 0)) 
local LW = newMotor(Torso, LeftArm, CFrame.new(-1.5, 0, 0), CFrame.new(0, 0, 0))
local RH = newMotor(Torso, RightLeg, CFrame.new(.5, -2, 0), CFrame.new(0, 0, 0))
local LH = newMotor(Torso, LeftLeg, CFrame.new(-.5, -2, 0), CFrame.new(0, 0, 0))
RootJoint.C1 = CFrame.new(0, 0, 0)
RootJoint.C0 = CFrame.new(0, 0, 0)
Torso.Neck.C1 = CFrame.new(0, 0, 0)
Torso.Neck.C0 = CFrame.new(0, 1.5, 0)

local rarmc1 = RW.C1
local larmc1 = LW.C1
local rlegc1 = RH.C1
local llegc1 = LH.C1

local resetc1 = false

function PlayAnimationFromTable(table, speed, bool)
	RootJoint.C0 = clerp(RootJoint.C0, table[1], speed) 
	Torso.Neck.C0 = clerp(Torso.Neck.C0, table[2], speed) 
	RW.C0 = clerp(RW.C0, table[3], speed) 
	LW.C0 = clerp(LW.C0, table[4], speed) 
	RH.C0 = clerp(RH.C0, table[5], speed) 
	LH.C0 = clerp(LH.C0, table[6], speed) 
	if bool == true then
		if resetc1 == false then
			resetc1 = true
			RootJoint.C1 = RootJoint.C1
			Torso.Neck.C1 = Torso.Neck.C1
			RW.C1 = rarmc1
			LW.C1 = larmc1
			RH.C1 = rlegc1
			LH.C1 = llegc1
		end
	end
end

ArtificialHB = Create("BindableEvent"){
	Parent = script,
	Name = "Heartbeat",
}

script:WaitForChild("Heartbeat")

frame = 1 / 60
tf = 0
allowframeloss = false
tossremainder = false
lastframe = tick()
script.Heartbeat:Fire()

game:GetService("RunService").Heartbeat:connect(function(s, p)
	tf = tf + s
	if tf >= frame then
		if allowframeloss then
			script.Heartbeat:Fire()
			lastframe = tick()
		else
			for i = 1, math.floor(tf / frame) do
				script.Heartbeat:Fire()
			end
			lastframe = tick()
		end
		if tossremainder then
			tf = 0
		else
			tf = tf - frame * math.floor(tf / frame)
		end
	end
end)

function swait(num)
	if num == 0 or num == nil then
		ArtificialHB.Event:wait()
	else
		for i = 0, num do
			ArtificialHB.Event:wait()
		end
	end
end

local m = Create("Model"){
	Parent = Character,
	Name = "WeaponModel"
}



function RemoveOutlines(part)
	part.TopSurface, part.BottomSurface, part.LeftSurface, part.RightSurface, part.FrontSurface, part.BackSurface = 10, 10, 10, 10, 10, 10
end
	
CFuncs = {	
	Part = {
		Create = function(Parent, Material, Reflectance, Transparency, BColor, Name, Size)
			local Part = Create("Part"){
				Parent = Parent,
				Reflectance = Reflectance,
				Transparency = Transparency,
				CanCollide = false,
				Locked = true,
				BrickColor = BrickColor.new(tostring(BColor)),
				Name = Name,
				Size = Size,
				Material = Material,
			}
			RemoveOutlines(Part)
			if Size == Vector3.new() then
				Part.Size = Vector3.new(0.2, 0.2, 0.2)
			else
				Part.Size = Size
			end
			return Part
		end;
	};
	
	Mesh = {
		Create = function(Mesh, Part, MeshType, MeshId, OffSet, Scale)
			local Msh = Create(Mesh){
				Parent = Part,
				Offset = OffSet,
				Scale = Scale,
			}
			if Mesh == "SpecialMesh" then
				Msh.MeshType = MeshType
				Msh.MeshId = MeshId
			end
			return Msh
		end;
	};

	Weld = {
		Create = function(Parent, Part0, Part1, C0, C1)
			local Weld = Create("Weld"){
				Parent = Parent,
				Part0 = Part0,
				Part1 = Part1,
				C0 = C0,
				C1 = C1,
			}
			return Weld
		end;
	};

	Sound = {
		Create = function(id, par, vol, pit) 
			coroutine.resume(coroutine.create(function()
				local S = Create("Sound"){
					Volume = vol,
					Pitch = pit or 1,
					SoundId = "rbxassetid://" .. id,
					Parent = par or workspace,
				}
				wait() 
				S:play() 
				game:GetService("Debris"):AddItem(S, 10)
			end))
		end;
	};
	
	ParticleEmitter = {
		Create = function(Parent, Color1, Color2, LightEmission, Size, Texture, Transparency, ZOffset, Accel, Drag, LockedToPart, VelocityInheritance, EmissionDirection, Enabled, LifeTime, Rate, Rotation, RotSpeed, Speed, VelocitySpread)
			local Particle = Create("ParticleEmitter"){
				Parent = Parent,
				Color = ColorSequence.new(Color1, Color2),
				LightEmission = LightEmission,
				Size = Size,
				Texture = Texture,
				Transparency = Transparency,
				ZOffset = ZOffset,
				Acceleration = Accel,
				Drag = Drag,
				LockedToPart = LockedToPart,
				VelocityInheritance = VelocityInheritance,
				EmissionDirection = EmissionDirection,
				Enabled = Enabled,
				Lifetime = LifeTime,
				Rate = Rate,
				Rotation = Rotation,
				RotSpeed = RotSpeed,
				Speed = Speed,
				VelocitySpread = VelocitySpread,
			}
			return Particle
		end;
	};
	
	CreateTemplate = {
		
	};
}


rCHandle2=CFuncs.Part.Create(m,Enum.Material.SmoothPlastic,0,1,"Medium stone grey","CHandle2",Vector3.new(0.430001736, 0.679999948, 0.299999684))
rCHandle2Weld=CFuncs.Weld.Create(m,Character["Left Arm"],rCHandle2,CFrame.new(0, 0, 0, 1, 0, 0, 0, 1, 0, 0, 0, 1),CFrame.new(0.0650009513, -0.0299911499, 0.555044532, 0, 0, 1, 1, 0, 0, 0, 1, 0))
CHandle2=CFuncs.Part.Create(m,Enum.Material.SmoothPlastic,0,1,"Medium stone grey","CHandle2",Vector3.new(0.430001736, 0.679999948, 0.299999684))
CHandle2Weld=CFuncs.Weld.Create(m,rCHandle2,CHandle2,CFrame.new(0, 0, 0, 1, 0, 0, 0, 1, 0, 0, 0, 1),CFrame.new(0.0650009513, -0.0299911499, 0.555044532, 0, 0, 1, 1, 0, 0, 0, 1, 0))
Claw2=CFuncs.Part.Create(m,Enum.Material.SmoothPlastic,0,0,"Really black","Claw2",Vector3.new(0.430001736, 0.829999924, 1.31999958))
Claw2Weld=CFuncs.Weld.Create(m,CHandle2,Claw2,CFrame.new(0, 0, 0, 1, 0, 0, 0, 1, 0, 0, 0, 1),CFrame.new(-0.414048076, -0.0255355835, 0.581350505, 1, 0, 0, 0, -1, 0, 0, 0, -1))
CFuncs.Mesh.Create("SpecialMesh",Claw2,Enum.MeshType.FileMesh,"rbxassetid://10681506",Vector3.new(0, 0, 0),Vector3.new(1, 1, 0.800000012))


rCHandle1=CFuncs.Part.Create(m,Enum.Material.SmoothPlastic,0,1,"Medium stone grey","CHandle1",Vector3.new(0.430001736, 0.679999948, 0.299999684))
rCHandle1Weld=CFuncs.Weld.Create(m,Character["Right Arm"],rCHandle1,CFrame.new(0, 0, 0, 1, 0, 0, 0, 1, 0, 0, 0, 1),CFrame.new(0.0650009513, -0.00206756592, 0.555044532, 0, 0, 1, 1, 0, 0, 0, 1, 0))
CHandle1=CFuncs.Part.Create(m,Enum.Material.SmoothPlastic,0,1,"Medium stone grey","CHandle1",Vector3.new(0.430001736, 0.679999948, 0.299999684))
CHandle1Weld=CFuncs.Weld.Create(m,rCHandle1,CHandle1,CFrame.new(0, 0, 0, 1, 0, 0, 0, 1, 0, 0, 0, 1),CFrame.new(0.0650009513, -0.00206756592, 0.555044532, 0, 0, 1, 1, 0, 0, 0, 1, 0))
Claw1=CFuncs.Part.Create(m,Enum.Material.SmoothPlastic,0,0,"Really black","Claw1",Vector3.new(0.430001736, 0.829999924, 1.31999958))
Claw1Weld=CFuncs.Weld.Create(m,CHandle1,Claw1,CFrame.new(0, 0, 0, 1, 0, 0, 0, 1, 0, 0, 0, 1),CFrame.new(-0.414048076, -0.0255355835, 0.581350505, 1, 0, 0, 0, -1, 0, 0, 0, -1))
CFuncs.Mesh.Create("SpecialMesh",Claw1,Enum.MeshType.FileMesh,"rbxassetid://10681506",Vector3.new(0, 0, 0),Vector3.new(1, 1, 0.800000012))

function RayCast(Position, Direction, Range, Ignore)
	return workspace:FindPartOnRay(Ray.new(Position, Direction.unit * (Range or 999.999)), Ignore) 
end 

function RayCastWithList(Position, Direction, Range, Ignore)
	return workspace:FindPartOnRayWithIgnoreList(Ray.new(Position, Direction.unit * (Range or 999.999)), Ignore) 
end 

function GetTorso(char)
	return char:FindFirstChild'Torso' or char:FindFirstChild'UpperTorso'
end

FindNearestTorso = function(pos,range)
	local torso,dist=nil,nil or range;
	for _,v in next, workspace:children() do
		if(v.Name ~= 'CKbackup' and v.Name ~= 'SezHu' and v.Name ~= 'Salvo_Starly' and v.Name ~= 'Nebula_Zorua' and v ~= Character and GetTorso(v) and v:FindFirstChildOfClass'Humanoid')then
			if v:FindFirstChildOfClass('Humanoid').Health > 0 then
			if((pos-GetTorso(v).Position).magnitude < dist)then
				torso = GetTorso(v)
				dist = (pos-GetTorso(v).Position).magnitude
			end
		end
	end
end
	return torso, dist
end

function Damage(Part, hit, minim, maxim, knockback, Type, Property, Delay, HitSound, HitPitch)
	if hit.Parent == nil then
		return
	end
	local h = hit.Parent:FindFirstChild("Humanoid")
	for _, v in pairs(hit.Parent:children()) do
		if v:IsA("Humanoid") then
			h = v
		end
	end
	if h ~= nil and hit.Parent.Name ~= Character.Name and hit.Parent:FindFirstChild("Torso") ~= nil then
		if hit.Parent:findFirstChild("DebounceHit") ~= nil then
			if hit.Parent.DebounceHit.Value == true then
				return
			end
		end
		local c = Create("ObjectValue"){
			Name = "creator",
			Value = game:service("Players").LocalPlayer,
			Parent = h,
		}
		game:GetService("Debris"):AddItem(c, .5)
		if HitSound ~= nil and HitPitch ~= nil then
			CFuncs.Sound.Create(HitSound, hit, 1, HitPitch) 
		end
		local Damage = math.random(minim, maxim)
		local blocked = false
		local block = hit.Parent:findFirstChild("Block")
		if block ~= nil then
			if block.className == "IntValue" then
				if block.Value > 0 then
					blocked = true
					block.Value = block.Value - 1
					print(block.Value)
				end
			end
		end
		if blocked == false then
			h.Health = h.Health - Damage
			ShowDamage((Part.CFrame * CFrame.new(0, 0, (Part.Size.Z / 2)).p + Vector3.new(0, 1.5, 0)), -Damage, 1.5, BrickColor.new("Really black").Color)
		else
			h.Health = h.Health - (Damage / 2)
			ShowDamage((Part.CFrame * CFrame.new(0, 0, (Part.Size.Z / 2)).p + Vector3.new(0, 1.5, 0)), -Damage, 1.5, BrickColor.new("Really black").Color)
		end
		if Type == "Knockdown" then
			local hum = hit.Parent.Humanoid
			hum.PlatformStand = true
			coroutine.resume(coroutine.create(function(HHumanoid)
				swait(1)
				HHumanoid.PlatformStand = false
			end), hum)
			local angle = (hit.Position - (Property.Position + Vector3.new(0, 0, 0))).unit
			local bodvol = Create("BodyVelocity"){
				velocity = angle * knockback,
				P = 5000,
				maxForce = Vector3.new(8e+003, 8e+003, 8e+003),
				Parent = hit,
			}
			local rl = Create("BodyAngularVelocity"){
				P = 3000,
				maxTorque = Vector3.new(500000, 500000, 500000) * 50000000000000,
				angularvelocity = Vector3.new(math.random(-10, 10), math.random(-10, 10), math.random(-10, 10)),
				Parent = hit,
			}
			game:GetService("Debris"):AddItem(bodvol, .5)
			game:GetService("Debris"):AddItem(rl, .5)
		elseif Type == "Normal" then
			local vp = Create("BodyVelocity"){
				P = 500,
				maxForce = Vector3.new(math.huge, 0, math.huge),
				velocity = Property.CFrame.lookVector * knockback + Property.Velocity / 1.05,
			}
			if knockback > 0 then
				vp.Parent = hit.Parent.Torso
			end

		elseif Type == "Up" then
			local bodyVelocity = Create("BodyVelocity"){
				velocity = Vector3.new(0, 20, 0),
				P = 5000,
				maxForce = Vector3.new(8e+003, 8e+003, 8e+003),
				Parent = hit,
			}
			game:GetService("Debris"):AddItem(bodyVelocity, .5)
		elseif Type == "DarkUp" then
			coroutine.resume(coroutine.create(function()
				for i = 0, 1, 0.1 do
					swait()
					Effects.Block.Create(BrickColor.new("Black"), hit.Parent.Torso.CFrame, 5, 5, 5, 1, 1, 1, .08, 1)
				end
			end))
			local bodyVelocity = Create("BodyVelocity"){
				velocity = Vector3.new(0, 20, 0),
				P = 5000,
				maxForce = Vector3.new(8e+003, 8e+003, 8e+003),
				Parent = hit,
			}
			game:GetService("Debris"):AddItem(bodyVelocity, 1)
		elseif Type == "Snare" then
			local bp = Create("BodyPosition"){
				P = 2000,
				D = 100,
				maxForce = Vector3.new(math.huge, math.huge, math.huge),
				position = hit.Parent.Torso.Position,
				Parent = hit.Parent.Torso,
			}
			game:GetService("Debris"):AddItem(bp, 1)
		elseif Type == "Freeze" then
			local BodPos = Create("BodyPosition"){
				P = 50000,
				D = 1000,
				maxForce = Vector3.new(math.huge, math.huge, math.huge),
				position = hit.Parent.Torso.Position,
				Parent = hit.Parent.Torso,
			}
			local BodGy = Create("BodyGyro") {
				maxTorque = Vector3.new(4e+005, 4e+005, 4e+005) * math.huge ,
				P = 20e+003,
				Parent = hit.Parent.Torso,
				cf = hit.Parent.Torso.CFrame,
			}
			hit.Parent.Torso.Anchored = true
			coroutine.resume(coroutine.create(function(Part) 
				swait(1.5)
				Part.Anchored = false
			end), hit.Parent.Torso)
			game:GetService("Debris"):AddItem(BodPos, 3)
			game:GetService("Debris"):AddItem(BodGy, 3)
		end
		local debounce = Create("BoolValue"){
			Name = "DebounceHit",
			Parent = hit.Parent,
			Value = true,
		}
		game:GetService("Debris"):AddItem(debounce, Delay)
		c = Create("ObjectValue"){
			Name = "creator",
			Value = Player,
			Parent = h,
		}
		game:GetService("Debris"):AddItem(c, .5)
	end
end

function ShowDamage(Pos, Text, Time, Color)
	local Rate = (1 / 30)
	local Pos = (Pos or Vector3.new(0, 0, 0))
	local Text = (Text or "")
	local Time = (Time or 2)
	local Color = (Color or Color3.new(1, 0, 1))
	local EffectPart = CFuncs.Part.Create(workspace, "SmoothPlastic", 0, 1, BrickColor.new(Color), "Effect", Vector3.new(0, 0, 0))
	EffectPart.Anchored = true
	local BillboardGui = Create("BillboardGui"){
		Size = UDim2.new(3, 0, 3, 0),
		Adornee = EffectPart,
		Parent = EffectPart,
	}
	local TextLabel = Create("TextLabel"){
		BackgroundTransparency = 1,
		Size = UDim2.new(1, 0, 1, 0),
		Text = Text,
		Font = "SciFi",
		TextColor3 = Color,
		TextScaled = true,
		Parent = BillboardGui,
	}
	game.Debris:AddItem(EffectPart, (Time))
	EffectPart.Parent = game:GetService("Workspace")
	delay(0, function()
		local Frames = (Time / Rate)
		for Frame = 1, Frames do
			wait(Rate)
			local Percent = (Frame / Frames)
			EffectPart.CFrame = CFrame.new(Pos) + Vector3.new(0, Percent, 0)
			TextLabel.TextTransparency = Percent
		end
		if EffectPart and EffectPart.Parent then
			EffectPart:Destroy()
		end
	end)
end

function MagnitudeDamage(Part, Magnitude, MinimumDamage, MaximumDamage, KnockBack, Type, HitSound, HitPitch)
	for _, c in pairs(workspace:children()) do
		local hum = c:findFirstChild("Humanoid")
		if hum ~= nil then
			local head = c:findFirstChild("Torso")
			if head ~= nil then
				local targ = head.Position - Part.Position
				local mag = targ.magnitude
				if mag <= Magnitude and c.Name ~= Player.Name then 
					Damage(head, head, MinimumDamage, MaximumDamage, KnockBack, Type, RootPart, .1, "rbxassetid://" .. HitSound, HitPitch)
				end
			end
		end
	end
end

EffectModel = Create("Model"){
	Parent = Character,
	Name = "EffectModel",
}

Effects = {
	Block = {
		Create = function(brickcolor, cframe, x1, y1, z1, x3, y3, z3, delay, Type, Part)
			local prt = CFuncs.Part.Create(EffectModel, "Neon", 0, 0, brickcolor, "Effect", Vector3.new())
			prt.Anchored = true
			prt.CFrame = cframe
			msh = CFuncs.Mesh.Create("BlockMesh", prt, "", "", Vector3.new(0, 0, 0), Vector3.new(x1, y1, z1))
			game:GetService("Debris"):AddItem(prt, 10)
			if Type == 1 or Type == nil then
				table.insert(Effects, {
					prt,
					"Block1",
					delay,
					x3,
					y3,
					z3,
					msh
				})
			elseif Type == 2 then
				table.insert(Effects, {
					prt,
					"Block2",
					delay,
					x3,
					y3,
					z3,
					msh
				})
			elseif Type == 3 then
				table.insert(Effects, {
					prt,
					"Block3",
					delay,
					x3,
					y3,
					z3,
					msh,
					Part
				})
			elseif Type == 4 then
				table.insert(Effects, {
					prt,
					"Block2Fire",
					delay,
					x3,
					y3,
					z3,
					msh
				})
			end
		end
	};

	Sphere = {
		Create = function(brickcolor, cframe, x1, y1, z1, x3, y3, z3, delay, parent)
			local prt = CFuncs.Part.Create(EffectModel, "Neon", 0, 0, brickcolor, "Effect", Vector3.new())
			prt.Anchored = true
			prt.CFrame = cframe
			if parent == nil then
				prt.Parent = workspace
			else
				prt.Parent = parent
			end
			local msh = CFuncs.Mesh.Create("SpecialMesh", prt, "Sphere", "", Vector3.new(0, 0, 0), Vector3.new(x1, y1, z1))
			game:GetService("Debris"):AddItem(prt, 10)
			table.insert(Effects, {
				prt,
				"Cylinder",
				delay,
				x3,
				y3,
				z3,
				msh
			})
		end
	};

	Blood = {
		Create = function(brickcolor, cframe, x1, y1, z1, x3, y3, z3, delay)
			local prt = CFuncs.Part.Create(EffectModel, "Neon", 0, 0, brickcolor, "Effect", Vector3.new())
			prt.Anchored = true
			prt.CFrame = cframe
			local msh = CFuncs.Mesh.Create("SpecialMesh", prt, "Sphere", "", Vector3.new(0, 0, 0), Vector3.new(x1, y1, z1))
			game:GetService("Debris"):AddItem(prt, 10)
			table.insert(Effects, {
				prt,
				"Blood",
				delay,
				x3,
				y3,
				z3,
				msh
			})
		end
	};

	Blast = {
		Create = function(brickcolor, cframe, x1, y1, z1, x3, y3, z3, delay, Part)
			local prt = CFuncs.Part.Create(EffectModel, "Neon", 0, 0, brickcolor, "Effect", Vector3.new())
			prt.Anchored = true
			prt.CFrame = cframe
			local msh = CFuncs.Mesh.Create("SpecialMesh", prt, "FileMesh", "1323306", Vector3.new(0, 0, 0), Vector3.new(x1, y1, z1))
			game:GetService("Debris"):AddItem(prt, 10)
			table.insert(Effects, {
				prt,
				"Block4",
				delay,
				x3,
				y3,
				z3,
				msh,
				Part
			})
		end
	};

	Ring = {
		Create = function(brickcolor, cframe, x1, y1, z1, x3, y3, z3, delay)
			local prt = CFuncs.Part.Create(EffectModel, "Neon", 0, 0, brickcolor, "Effect", Vector3.new(0.5, 0.5, 0.5))
			prt.Anchored = true
			prt.CFrame = cframe
			local msh = CFuncs.Mesh.Create("SpecialMesh", prt, "FileMesh", "3270017", Vector3.new(0, 0, 0), Vector3.new(x1, y1, z1))
			game:GetService("Debris"):AddItem(prt, 10)
			table.insert(Effects, {
				prt,
				"Cylinder",
				delay,
				x3,
				y3,
				z3,
				msh
			})
		end
	};

	Cylinder = {
		Create = function(brickcolor, cframe, x1, y1, z1, x3, y3, z3, delay)
			local prt = CFuncs.Part.Create(EffectModel, "Neon", 0, 0, brickcolor, "Effect", Vector3.new())
			prt.Anchored = true
			prt.CFrame = cframe
			local msh = CFuncs.Mesh.Create("CylinderMesh", prt, "", "", Vector3.new(0, 0, 0), Vector3.new(x1, y1, z1))
			game:GetService("Debris"):AddItem(prt, 10)
			table.insert(Effects, {
				prt,
				"Cylinder",
				delay,
				x3,
				y3,
				z3,
				msh
			})
		end
	};

	Head = {
		Create = function(brickcolor, cframe, x1, y1, z1, x3, y3, z3, delay)
			local prt = CFuncs.Part.Create(EffectModel, "Neon", 0, 0, brickcolor, "Effect", Vector3.new())
			prt.Anchored = true
			prt.CFrame = cframe
			local msh = CFuncs.Mesh.Create("SpecialMesh", prt, "Head", "", Vector3.new(0, 0, 0), Vector3.new(x1, y1, z1))
			game:GetService("Debris"):AddItem(prt, 10)
			table.insert(Effects, {
				prt,
				"Cylinder",
				delay,
				x3,
				y3,
				z3,
				msh
			})
		end
	};

	Wave = {
		Create = function(brickcolor, cframe, x1, y1, z1, x3, y3, z3, delay)
			local prt = CFuncs.Part.Create(EffectModel, "Neon", 0, 0, brickcolor, "Effect", Vector3.new())
			prt.Anchored = true
			prt.CFrame = cframe
			local msh = CFuncs.Mesh.Create("SpecialMesh", prt, "FileMesh", "20329976", Vector3.new(0, 0, 0), Vector3.new(x1, y1, z1))
			game:GetService("Debris"):AddItem(prt, 10)
			table.insert(Effects, {
				prt,
				"Cylinder",
				delay,
				x3,
				y3,
				z3,
				msh
			})
		end
	};

	Break = {
		Create = function(brickcolor, cframe, x1, y1, z1)
			local prt = CFuncs.Part.Create(EffectModel, "Neon", 0, 0, brickcolor, "Effect", Vector3.new(0.5, 0.5, 0.5))
			prt.Anchored = true
			prt.CFrame = cframe * CFrame.fromEulerAnglesXYZ(math.random(-50, 50), math.random(-50, 50), math.random(-50, 50))
			game:GetService("Debris"):AddItem(prt, 10)
			local msh = CFuncs.Mesh.Create("SpecialMesh", prt, "Sphere", "", Vector3.new(0, 0, 0), Vector3.new(x1, y1, z1))
			local num = math.random(10, 50) / 1000
			table.insert(Effects, {
				prt,
				"Shatter",
				num,
				prt.CFrame,
				math.random() - math.random(),
				0,
				math.random(50, 100) / 100
			})
		end
	};

	Elec = {
		Create = function(brickcolor, cff, x, y, z)
			local prt = CFuncs.Part.Create(EffectModel, "Neon", 0, 0, brickcolor, "Part", Vector3.new(1, 1, 1))
			prt.Anchored = true
			prt.CFrame = cff * CFrame.new(math.random(-x * 100, x * 100) / 100, math.random(-y * 100, y * 100) / 100, math.random(-z * 100, z * 100) / 100)
			prt.CFrame = CFrame.new(prt.Position)
			game:GetService("Debris"):AddItem(prt, 10)
			xval = math.random() / 9
			yval = math.random() / 9
			zval = math.random() / 9
			msh = CFuncs.Mesh.Create("BlockMesh", prt, "", "", Vector3.new(0, 0, 0), Vector3.new(xval, yval, zval))
			eul1 = math.random(-50, 50)
			eul2 = math.random(-50, 50)
			eul3 = math.random(-50, 50)
			euld = CFrame.fromEulerAnglesXYZ(eul1, eul2, eul3)
			euld2 = CFrame.fromEulerAnglesXYZ(-eul1, -eul2, -eul3)
			table.insert(Effects, {
				prt,
				"Elec",
				.05,
				x,
				y,
				z,
				xval,
				yval,
				zval,
				msh,
				euld,
				euld2
			})
		end
	};

	Elec2 = {
		Create = function(brickcolor, cff, x, y, z)
			local prt = CFuncs.Part.Create(EffectModel, "Neon", 0, 0, brickcolor, "Part", Vector3.new(1, 1, 1))
			prt.Anchored = true
			prt.CFrame = cff * CFrame.new(math.random(-x * 100, x * 100) / 100, math.random(-y * 100, y * 100) / 100, math.random(-z * 100, z * 100) / 100)
			prt.CFrame = CFrame.new(prt.Position)
			game:GetService("Debris"):AddItem(prt, 10)
			xval = math.random() / 7
			yval = math.random() / 7
			zval = math.random() / 7
			msh = CFuncs.Mesh.Create("BlockMesh", prt, "", "", Vector3.new(0, 0, 0), Vector3.new(xval, yval, zval))
			eul1 = math.random(-50, 50)
			eul2 = math.random(-50, 50)
			eul3 = math.random(-50, 50)
			euld = CFrame.fromEulerAnglesXYZ(eul1, eul2, eul3)
			euld2 = CFrame.fromEulerAnglesXYZ(-eul1, -eul2, -eul3)
			table.insert(Effects, {
				prt,
				"Elec",
				.1,
				x,
				y,
				z,
				xval,
				yval,
				zval,
				msh,
				euld,
				euld2
			})
		end
	};

	Clone = {
		Create = function() 
			for _, v in pairs(Torso.Parent:children()) do
				if v.className == "Part" and v.Name ~= "HumanoidRootPart" then
					local c = CFuncs.Part.Create(EffectModel, "Neon", 0, .5, BrickColor.new("Bright blue"), "Effect", v.Size)
					c.Anchored = true
					c.CFrame = v.CFrame
					game:GetService("Debris"):AddItem(c, 5)
					local cmsh = nil
					if v.Name == "Head" then
						cmsh = CFuncs.Mesh.Create("SpecialMesh", c, "Head", "", Vector3.new(0, 0, 0), v.Mesh.Scale)
					else
						cmsh = CFuncs.Mesh.Create("BlockMesh", c, "", "", Vector3.new(0, 0, 0), Vector3.new(1, 1, 1))
					end
					table.insert(Effects, {
						c,
						"Cylinder",
						0.05,
						0.1,
						0.1,
						0.1,
						cmsh
					})
				end
			end
		end
	};

	EffectTemplate = {

	};
}

function Attackone()
	Attack = true
	for i = 0, 1, 0.1 do
		swait()
		PlayAnimationFromTable({
			CFrame.new(0, 0, 0) * CFrame.new(0, 0, 0) * CFrame.Angles(0, 0, 0), 
			CFrame.new(0, 1.5, 0) * CFrame.new(0, 0, 0) * CFrame.Angles(0, 0, 0),
			CFrame.new(1.5, 0, 0) * CFrame.new(0, 0, 0) * CFrame.Angles(0, 0, 0),
			CFrame.new(-1.5, 0, 0) * CFrame.new(0, 0, 0) * CFrame.Angles(0, 0, 0),
			CFrame.new(0.5, -2, 0) * CFrame.new(0, 0, 0) * CFrame.Angles(0, 0, 0), 
			CFrame.new(-0.5, -2, 0) * CFrame.new(0, 0, 0) * CFrame.Angles(0, 0, 0), 
		}, .3, false)
	end
	Attack = false
end

Humanoid.WalkSpeed = 0
Humanoid.JumpPower = 0

--Intro bit
	ripntear=Instance.new("Sound", Torso)
	ripntear.SoundId = "rbxassetid://1289912324"
	ripntear.TimePosition = 9.2
	ripntear.Looped = true
	ripntear:Play()
if(not game:GetService('RunService'):IsStudio() )then
		for i = 0, 15, 0.1 do
			swait()
			PlayAnimationFromTable({
	         CFrame.new(-0, -0.05818367, -0, 1, 0, 0, 0, 1, 0, 0, 0, 1) * CFrame.new(0, 0 + .05 * math.cos(Sine/20), 0) * CFrame.Angles(0, 0, 0), 
	         CFrame.new(0, 1.55817556, 0, 1, 0, 0, 0, 1, 0, 0, 0, 1) * CFrame.new(0, 0, 0) * CFrame.Angles(0, 0, 0), 
	         CFrame.new(1.61094332, 0.142581686, 0, 0.984807849, -0.173647985, 0, 0.173647985, 0.984807849, 0, 0, 0, 1) * CFrame.new(0, 0 + .03 * math.cos(Sine/20), 0) * CFrame.Angles(0, 0, 0), 
	         CFrame.new(-1.61001778, 0.148382559, 0, 0.984807849, 0.173647985, 0, -0.173647985, 0.984807849, 0, -0, 0, 1) * CFrame.new(0, 0 + .03 * math.cos(Sine/20), 0) * CFrame.Angles(0, 0, 0), 
	         CFrame.new(0.593397617, -1.93364203, 0, 0.996194661, -0.087155968, 0, 0.087155968, 0.996194661, 0, 0, 0, 1) * CFrame.new(0, 0 - .05 * math.cos(Sine/20), 0) * CFrame.Angles(0, 0, 0), 
	         CFrame.new(-0.535535276, -1.93870413, 0, 0.996194661, 0.087155968, 0, -0.087155968, 0.996194661, 0, -0, 0, 1) * CFrame.new(0, 0 - .05 * math.cos(Sine/20), 0) * CFrame.Angles(0, 0, 0), 
			}, .3, false)
			rCHandle2Weld.C0 = clerp(rCHandle2Weld.C0, CFrame.new(0, 0, .5) * CFrame.Angles(math.rad(90), math.rad(90), math.rad(0)), 1)
			rCHandle1Weld.C0 = clerp(rCHandle1Weld.C0, CFrame.new(.1, 0, .5) * CFrame.Angles(math.rad(90), math.rad(90), math.rad(0)), 1)
		end
		CFuncs.Sound.Create("1499494641", CHandle1, 1, 1)
		for i = 0, 3, 0.1 do
			swait()
			PlayAnimationFromTable({
	         CFrame.new(8.69583914e-07, -0.0581835881, 9.53695611e-09, 1.00000954, 1.44541673e-06, -8.33538607e-08, 1.44541673e-06, 1.00000024, -1.63912858e-07, -8.33538607e-08, -1.63912858e-07, 1) * CFrame.new(0, 0 + .05 * math.cos(Sine/20), 0) * CFrame.Angles(0, 0, 0), 
	         CFrame.new(-0.116701782, 1.56846416, -0.0424783528, 0.935734272, -0.321394563, 0.145314857, 0.296198726, 0.939692676, 0.17100963, -0.191512048, -0.116977088, 0.974494457) * CFrame.new(0, 0, 0) * CFrame.Angles(0, 0, 0), 
	         CFrame.new(0.817323148, 0.233033627, -0.785861373, 0.185918838, 0.948464036, 0.256631851, -0.054367777, 0.270715863, -0.96112299, -0.981059968, 0.164737463, 0.101896688) * CFrame.new(0, 0 + .1 * math.cos(Sine/20), 0) * CFrame.Angles(0, 0, 0), 
	         CFrame.new(-0.729675174, 0.474314064, -0.926509023, 0.0858333781, -0.981064856, -0.173649207, -0.0151340002, 0.172986239, -0.984808147, 0.996194661, 0.0871570408, 7.3356756e-07) * CFrame.new(0, 0 - .05 * math.cos(Sine/20), 0) * CFrame.Angles(0, 0, 0), 
	         CFrame.new(0.593403578, -1.9336412, 9.73475267e-07, 0.996204436, -0.0871553719, -8.33538607e-08, 0.0871574283, 0.99619478, -1.63912858e-07, -1.08093566e-07, -1.53640599e-07, 1) * CFrame.new(0, 0 - .05 * math.cos(Sine/20), 0) * CFrame.Angles(0, 0, 0), 
	         CFrame.new(-0.53555274, -1.93870628, 5.9665399e-07, 0.996204019, 0.087158218, -8.33538607e-08, -0.0871545449, 0.996194959, -1.63912858e-07, -6.140138e-08, -1.69793566e-07, 1) * CFrame.new(0, 0 - .05 * math.cos(Sine/20), 0) * CFrame.Angles(0, 0, 0), 
			}, .2, false)
			rCHandle2Weld.C0 = clerp(rCHandle2Weld.C0, CFrame.new(0, 0, .5) * CFrame.Angles(math.rad(90), math.rad(90), math.rad(0)), 1)
			rCHandle1Weld.C0 = clerp(rCHandle1Weld.C0, CFrame.new(.1, 0, .5) * CFrame.Angles(math.rad(90), math.rad(90), math.rad(0)), 1)
		end
		CFuncs.Sound.Create("1499494641", CHandle2, 1, .9)
		for i = 0, 3, 0.1 do
			swait()
			PlayAnimationFromTable({
	         CFrame.new(-0, -0.05818367, -0, 1, 0, 0, 0, 1, 0, 0, 0, 1) * CFrame.new(0, 0 + .05 * math.cos(Sine/20), 0) * CFrame.Angles(0, 0, 0), 
	         CFrame.new(5.96046448e-07, 1.5581758, 8.94069672e-08, 0.813797593, 0.296197921, -0.500000417, -0.342019856, 0.939692736, 1.5155652e-07, 0.469846755, 0.171009943, 0.866025269) * CFrame.new(0, 0, 0) * CFrame.Angles(0, 0, 0), 
	         CFrame.new(0.817315936, 0.23303245, -0.785861254, 0.185915083, 0.891520321, -0.41307044, -0.0543710254, -0.410421133, -0.91027379, -0.981060445, 0.19169265, -0.0278306026) * CFrame.new(0, 0 - .05 * math.cos(Sine/20), 0) * CFrame.Angles(0, 0, 0), 
	         CFrame.new(-0.895561576, 0.130057484, -0.917444825, 0.08583197, -0.981286108, 0.172367394, -0.0151339946, -0.174270019, -0.98458159, 0.996194661, 0.0818999708, -0.029808715) * CFrame.new(0, 0 + .05 * math.cos(Sine/20), 0) * CFrame.Angles(0, 0, 0), 
	         CFrame.new(0.593397737, -1.93364227, 0, 0.996194661, -0.087155968, 0, 0.087155968, 0.996194661, 0, 0, 0, 1) * CFrame.new(0, 0 - .05 * math.cos(Sine/20), 0) * CFrame.Angles(0, 0, 0), 
	         CFrame.new(-0.535535693, -1.93870425, 0, 0.996194661, 0.087155968, 0, -0.087155968, 0.996194661, 0, -0, 0, 1) * CFrame.new(0, 0 - .05 * math.cos(Sine/20), 0) * CFrame.Angles(0, 0, 0), 
			}, .2, false)
			rCHandle2Weld.C0 = clerp(rCHandle2Weld.C0, CFrame.new(0, 0, .5) * CFrame.Angles(math.rad(90), math.rad(90), math.rad(0)), 1)
			rCHandle1Weld.C0 = clerp(rCHandle1Weld.C0, CFrame.new(.1, 0, .5) * CFrame.Angles(math.rad(90), math.rad(90), math.rad(0)), 1)
		end
	
		for i = 0, 2, 0.1 do
			swait()
			PlayAnimationFromTable({
	         CFrame.new(1.18533473e-15, -0.0581837296, 0, 1, -2.03722706e-14, -1.03739239e-11, -2.03722706e-14, 1, 0, -1.03739239e-11, 0, 1) * CFrame.new(0, 0, 0) * CFrame.Angles(0, 0, 0), 
	         CFrame.new(-0.044387538, 1.57391107, -0.046982944, 0.999063015, 0.000371292757, -0.043279916, 0.00926879048, 0.974929214, 0.222322285, 0.0422773995, -0.222515106, 0.974012196) * CFrame.new(0, 0, 0) * CFrame.Angles(0, 0, 0), 
	         CFrame.new(0.961016774, 0.457461864, -0.771075964, 0.185922489, 0.633421421, -0.751139224, -0.0543839224, -0.756662488, -0.651540041, -0.9810583, 0.161985859, -0.106232598) * CFrame.new(0, 0, 0) * CFrame.Angles(0, 0, 0), 
	         CFrame.new(-0.729675055, 0.474317312, -0.926513851, 0.230951563, -0.530287445, 0.815755367, 0.197466299, -0.795426488, -0.572978079, 0.95271641, 0.293414325, -0.0789910555) * CFrame.new(0, 0, 0) * CFrame.Angles(0, 0, 0), 
	         CFrame.new(0.593410492, -1.93365169, 2.15977366e-07, 0.99619478, -0.0871552229, 3.30831256e-08, 0.0871552229, 0.99619472, -1.44655488e-09, -3.28516023e-08, 4.32621761e-09, 1) * CFrame.new(0, 0, 0) * CFrame.Angles(0, 0, 0), 
	         CFrame.new(-0.535539329, -1.93871331, -2.33122776e-07, 0.99619472, 0.0871552229, 1.4071702e-08, -0.0871552229, 0.99619472, -1.1611867e-09, -1.41399426e-08, -7.14521775e-11, 1) * CFrame.new(0, 0, 0) * CFrame.Angles(0, 0, 0), 
			}, .3, false)
			rCHandle2Weld.C0 = clerp(rCHandle2Weld.C0, CFrame.new(0, 0, .5) * CFrame.Angles(math.rad(90), math.rad(90), math.rad(0)), 1)
			rCHandle1Weld.C0 = clerp(rCHandle1Weld.C0, CFrame.new(.1, 0, .5) * CFrame.Angles(math.rad(90), math.rad(90), math.rad(0)), 1)
		end
	CFuncs.Sound.Create("834658541", Torso, 5, .8)	
			for i = 0, 1, 0.1 do
			swait()
			PlayAnimationFromTable({
	         CFrame.new(1.18533473e-15, -0.0581837296, 0, 1, -2.03722706e-14, -1.03739239e-11, -2.03722706e-14, 1, 0, -1.03739239e-11, 0, 1) * CFrame.new(0, 0, 0) * CFrame.Angles(0, 0, 0), 
	         CFrame.new(-0.044387538, 1.57391107, -0.046982944, 0.999063015, 0.000371292757, -0.043279916, 0.00926879048, 0.974929214, 0.222322285, 0.0422773995, -0.222515106, 0.974012196) * CFrame.new(0, 0, 0) * CFrame.Angles(0, 0, 0), 
	         CFrame.new(0.961016774, 0.457461864, -0.771075964, 0.185922489, 0.633421421, -0.751139224, -0.0543839224, -0.756662488, -0.651540041, -0.9810583, 0.161985859, -0.106232598) * CFrame.new(0, 0, 0) * CFrame.Angles(0, 0, 0), 
	         CFrame.new(-0.729675055, 0.474317312, -0.926513851, 0.230951563, -0.530287445, 0.815755367, 0.197466299, -0.795426488, -0.572978079, 0.95271641, 0.293414325, -0.0789910555) * CFrame.new(0, 0, 0) * CFrame.Angles(0, 0, 0), 
	         CFrame.new(0.593410492, -1.93365169, 2.15977366e-07, 0.99619478, -0.0871552229, 3.30831256e-08, 0.0871552229, 0.99619472, -1.44655488e-09, -3.28516023e-08, 4.32621761e-09, 1) * CFrame.new(0, 0, 0) * CFrame.Angles(0, 0, 0), 
	         CFrame.new(-0.535539329, -1.93871331, -2.33122776e-07, 0.99619472, 0.0871552229, 1.4071702e-08, -0.0871552229, 0.99619472, -1.1611867e-09, -1.41399426e-08, -7.14521775e-11, 1) * CFrame.new(0, 0, 0) * CFrame.Angles(0, 0, 0), 
			}, .3, false)
			rCHandle2Weld.C0 = clerp(rCHandle2Weld.C0, CFrame.new(0, 0, .5) * CFrame.Angles(math.rad(90), math.rad(90), math.rad(0)), 1)
			rCHandle1Weld.C0 = clerp(rCHandle1Weld.C0, CFrame.new(.1, 0, .5) * CFrame.Angles(math.rad(90), math.rad(90), math.rad(0)), 1)
		end
	
		for i = 0, 20, 0.1 do
			swait()
			PlayAnimationFromTable({
	         CFrame.new(4.59512179e-08, -0.0581841692, -5.25265932e-07, 1, -4.84756754e-07, -7.39878601e-07, 7.8975097e-07, 0.866025388, 0.500000298, 3.98364676e-07, -0.500000298, 0.866025388) * CFrame.new(0, 0, 0) * CFrame.Angles(0, 0, 0), 
	         CFrame.new(-0.0125848781, 1.5465194, 0.0267901421, 0.999062896, 0.00414320733, -0.0430841409, -0.0131131858, 0.977599382, -0.210065722, 0.0412486866, 0.210433811, 0.976737618) * CFrame.new(0, 0, 0) * CFrame.Angles(0, 0, 0), 
	         CFrame.new(1.82518578, 0.223591149, 0.169353649, 0.508977115, -0.858815074, 0.0581299476, 0.772701919, 0.426095456, -0.47050482, 0.379307687, 0.284393311, 0.880480766) * CFrame.new(0, 0, 0) * CFrame.Angles(0, 0, 0), 
	         CFrame.new(-1.73227763, 0.286245912, 0.248502895, 0.480647117, 0.87672931, 0.0180043653, -0.732817888, 0.412857741, -0.540857434, -0.481618822, 0.246767595, 0.84092176) * CFrame.new(0, 0, 0) * CFrame.Angles(0, 0, 0), 
	         CFrame.new(0.681391835, -1.88535416, -0.586378455, 0.996194661, -0.087155968, 0, 0.0754792839, 0.862729847, -0.500000238, 0.0435780063, 0.498097569, 0.866025388) * CFrame.new(0, 0, 0) * CFrame.Angles(0, 0, 0), 
	         CFrame.new(-0.606260061, -1.88110352, -0.606883287, 0.996194661, 0.0871560127, 4.12446752e-07, -0.0754791126, 0.862729847, -0.500000298, -0.04357839, 0.498097569, 0.866025388) * CFrame.new(0, 0, 0) * CFrame.Angles(0, 0, 0), 
			}, .3, false)
			rCHandle2Weld.C0 = clerp(rCHandle2Weld.C0, CFrame.new(0, -1.5, .5) * CFrame.Angles(math.rad(90), math.rad(90), math.rad(0)), .3)
			rCHandle1Weld.C0 = clerp(rCHandle1Weld.C0, CFrame.new(.1, -1.5, .5) * CFrame.Angles(math.rad(90), math.rad(90), math.rad(0)), .3)
		end

end
	
Humanoid.WalkSpeed = 35
Humanoid.JumpPower = 70

--Start neccessary functions here

function TraceThing(COLOR,PLACE2) -- thanks shack dadi
	local FADE = EffectModel
	for _, c in pairs(Character:GetChildren()) do
		if c:IsA'BasePart' and c ~= RootPart then
			local DIST = (c.Position-PLACE2).magnitude
			local FADER = c:Clone()
			FADER.Color = COLOR
			FADER.Size = Vector3.new(FADER.Size.X,FADER.Size.Y,DIST)
			FADER.CFrame = CFrame.new(c.Position,PLACE2) * CFrame.new(0,0,-DIST/2)
			FADER.Parent = FADE
			FADER.Anchored = true
			FADER.Transparency = 0.25
			FADER:BreakJoints()
			FADER.Material = "Glass"
			FADER.CanCollide = false
			FADER:ClearAllChildren()
			
			if FADER.Name == "Head" then
				FADER.Size = Vector3.new(1,1,1)
			end
			table.insert(Effects,{FADER,'Disappear',.01})
		end
	end

end



function Shadowdash()
	local target = Mouse.Target;
	if(target and target.Parent and GetTorso(target.Parent))then
		local torso = GetTorso(target.Parent)
		target = target.Parent;
		
		Attack = true
		for _, c in pairs(Character:children()) do
			if c.ClassName == "Part" and c ~= RootPart then
				c.Transparency = 1
			elseif(c:FindFirstChild'Handle')then
				c.Handle.Transparency = 1
			end
		end
		Claw1.Transparency = 1
		Claw2.Transparency = 1
		
		
		TraceThing(Color3.new(0,0,0),torso.Position)
		
		for i = 0, 1, 0.1 do
			swait()
			PlayAnimationFromTable({
				CFrame.new(0, 0, 0) * CFrame.new(0, 0, 0) * CFrame.Angles(0, 0, 0), 
				CFrame.new(0, 1.5, 0) * CFrame.new(0, 0, 0) * CFrame.Angles(0, 0, 0),
				CFrame.new(1.5, 0, 0) * CFrame.new(0, 0, 0) * CFrame.Angles(0, 0, 0),
				CFrame.new(-1.5, 0, 0) * CFrame.new(0, 0, 0) * CFrame.Angles(0, 0, 0),
				CFrame.new(0.5, -2, 0) * CFrame.new(0, 0, 0) * CFrame.Angles(0, 0, 0), 
				CFrame.new(-0.5, -2, 0) * CFrame.new(0, 0, 0) * CFrame.Angles(0, 0, 0), 
			}, .3, false)
		end
		Attack = false
	end
end

function bulgelocated()
	Attack = true
		for i = 0, 1, 0.1 do
		swait()
		PlayAnimationFromTable({
         CFrame.new(-1.08663478e-07, -0.206274316, -0.136812046, 1.00000417, 3.29175322e-07, 4.04612052e-07, 7.4505806e-07, 0.642787039, 0.766044915, -8.52160156e-08, -0.766045034, 0.64278692) * CFrame.new(0, 0, 0) * CFrame.Angles(0, 0, 0), 
         CFrame.new(0, 1.55548012, 0.123723119, 1, 0, 0, 0, 0.965925813, -0.258819401, 0, 0.258819401, 0.965925813) * CFrame.new(0, 0, 0) * CFrame.Angles(0, 0, 0), 
         CFrame.new(1.57330072, 0.258584112, 0.288092852, 0.984807849, -0.0996005088, -0.142243534, 0.157378256, 0.858128428, 0.488720447, 0.0733864158, -0.503681719, 0.860766649) * CFrame.new(0, 0, 0) * CFrame.Angles(0, 0, 0), 
         CFrame.new(-1.59246635, 0.145089045, 0.275537103, 0.984809101, 0.0995962769, 0.142238334, -0.157372132, 0.85812825, 0.488722742, -0.0733837485, -0.503682971, 0.860766172) * CFrame.new(0, 0, 0) * CFrame.Angles(0, 0, 0), 
         CFrame.new(0.593403816, -1.75248098, -0.817190289, 0.996194661, -0.0841870308, -0.0225579366, 0.0789908618, 0.981476307, -0.174541742, 0.0368342325, 0.172095656, 0.984391332) * CFrame.new(0, 0, 0) * CFrame.Angles(0, 0, 0), 
         CFrame.new(-0.53553468, -1.75706613, -0.81932497, 0.996194899, 0.0858291388, 0.0151346531, -0.0789874196, 0.96252948, -0.259418607, -0.0368332267, 0.257236063, 0.965646386) * CFrame.new(0, 0, 0) * CFrame.Angles(0, 0, 0), 
		}, .3, false)
		end
		local Grabbed,Root,RootWeld,GrabWeld;
	Torso.Velocity = RootPart.CFrame.lookVector * 150
	for i = 0, 3, 0.1 do
		swait()
		if(not Grabbed)then 
			Grabbed = FindNearestTorso(Torso.Position,5)
			if(Grabbed)then
				print'owo'
				local torso = Grabbed
				Grabbed=Grabbed.Parent
				local Root = Grabbed:FindFirstChild'HumanoidRootPart'
				local RootWeld
				GrabWeld = Create("Weld"){Parent=torso,Part0=torso,Part1=Torso,C0=CFrame.new(0, -.8, -2) * CFrame.Angles(math.rad(0), math.rad(180), math.rad(0),0)}
				--GrabWeld.C0 = clerp(GrabWeld.C0, CFrame.new(0, -.8, 2) * CFrame.Angles(math.rad(40), math.rad(0), math.rad(0)), 1)
				if(Root)then 
					Root.Parent = nil
					RootWeld = (function()
						for _,v in next, Grabbed:GetDescendants() do
							if(v:IsA'JointInstance' and (v.Part0 == Root or v.Part1 == Root))then
								return {v,v.Part0,v.Part1,v.Parent}
							end;
						end
					end)()
					
				end
			end
		end
		PlayAnimationFromTable({
         CFrame.new(-1.73916547e-07, -0.333895028, 0.0282058977, 1.00000417, -7.91624188e-09, 5.21540642e-07, 7.4505806e-07, 6.70552254e-08, 1, -8.52160156e-08, -1, -7.63684511e-08) * CFrame.new(0, 0, 0) * CFrame.Angles(0, 0, 0), 
         CFrame.new(0, 1.45356226, 0.517724574, 1, 0, 0, 0, 0.422620863, -0.906306684, 0, 0.906306684, 0.422620863) * CFrame.new(0, 0, 0) * CFrame.Angles(0, 0, 0), 
         CFrame.new(1.34678912, 1.80891263, 0.00318957865, -0.984810352, 0.142212093, -0.0996212065, -0.157350063, -0.973534882, 0.165743217, -0.0734140277, 0.178901002, 0.981124341) * CFrame.new(0, 0, 0) * CFrame.Angles(0, 0, 0), 
         CFrame.new(-1.35190487, 1.71961701, 0.127221942, -0.973497868, -0.150360048, 0.172318682, 0.163750991, -0.984274864, 0.0662473366, 0.159647986, 0.0927089974, 0.982811153) * CFrame.new(0, 0, 0) * CFrame.Angles(0, 0, 0), 
